ch	ring	ped	
32	0	22.07	0
32	1	22.07	0.016575466
32	2	22.07	0.016990179
32	3	22.07	0.017584348
32	4	22.07	0.017326676
32	5	22.07	0
32	6	22.07	0
32	7	22.07	0
32	8	22.07	0
32	9	22.07	0
32	10	22.07	0
32	11	22.07	0
32	12	22.07	0
32	13	22.07	0
32	14	22.07	0
32	15	22.07	0
33	0	23.44	0
33	1	23.44	0.017028
33	2	23.44	0.016994348
33	3	23.44	0.017601848
33	4	23.44	0.017085525
33	5	23.44	0.01668268
33	6	23.44	0.016689171
33	7	23.44	0.017156069
33	8	23.44	0
33	9	23.44	0
33	10	23.44	0
33	11	23.44	0
33	12	23.44	0
33	13	23.44	0
33	14	23.44	0
33	15	23.44	0
34	0	22.23	0
34	1	22.23	0.017940402
34	2	22.23	0.018134587
34	3	22.23	0.018771741
34	4	22.23	0.018642451
34	5	22.23	0.018889776
34	6	22.23	0.018842318
34	7	22.23	0.019112621
34	8	22.23	0.019335256
34	9	22.23	0.019291642
34	10	22.23	0.019340454
34	11	22.23	0.019618332
34	12	22.23	0.019790118
34	13	22.23	0.02010193
34	14	22.23	0.02029909
34	15	22.23	0.020589392
35	0	23.2	0
35	1	23.2	0.016993341
35	2	23.2	0.016924296
35	3	23.2	0.01767581
35	4	23.2	0.018328258
35	5	23.2	0.018515652
35	6	23.2	0.018616826
35	7	23.2	0.018681426
35	8	23.2	0.018786734
35	9	23.2	0.018878126
35	10	23.2	0.018965934
35	11	23.2	0.019539158
35	12	23.2	0.019507684
35	13	23.2	0.019788754
35	14	23.2	0.019956214
35	15	23.2	0.020359392
36	0	21.56	0.017616015
36	1	21.56	0.017849601
36	2	21.56	0.017948215
36	3	21.56	0.018762002
36	4	21.56	0.01901966
36	5	21.56	0.018537333
36	6	21.56	0.018865642
36	7	21.56	0.019118944
36	8	21.56	0.019196946
36	9	21.56	0.019276776
36	10	21.56	0.019540974
36	11	21.56	0.019653288
36	12	21.56	0.020208125
36	13	21.56	0.020176105
36	14	21.56	0.020415547
36	15	21.56	0.020995721
37	0	23.93	0.017425723
37	1	23.93	0.017736891
37	2	23.93	0.017927743
37	3	23.93	0.01817609
37	4	23.93	0.019089035
37	5	23.93	0.018575237
37	6	23.93	0.018819575
37	7	23.93	0.019049617
37	8	23.93	0.019308143
37	9	23.93	0.019600734
37	10	23.93	0.019525663
37	11	23.93	0.019957283
37	12	23.93	0.020041809
37	13	23.93	0.020679468
37	14	23.93	0.021272012
37	15	23.93	0.021172482
38	0	22.19	0.018105309
38	1	22.19	0.018958376
38	2	22.19	0.018368093
38	3	22.19	0.019559093
38	4	22.19	0.019335312
38	5	22.19	0.01903945
38	6	22.19	0.019162231
38	7	22.19	0
38	8	22.19	0.019418318
38	9	22.19	0.019424902
38	10	22.19	0.019580699
38	11	22.19	0.019591085
38	12	22.19	0.019903892
38	13	22.19	0.02016429
38	14	22.19	0.020579705
38	15	22.19	0.02032137
39	0	24.03	0.023066255
39	1	24.03	0.023959893
39	2	24.03	0.023419289
39	3	24.03	0.024401543
39	4	24.03	0.024778704
39	5	24.03	0.024494579
39	6	24.03	0.024720417
39	7	24.03	0
39	8	24.03	0.024588925
39	9	24.03	0.024648146
39	10	24.03	0.024803703
39	11	24.03	0.025294412
39	12	24.03	0.025627605
39	13	24.03	0.025129692
39	14	24.03	0.025322136
39	15	24.03	0.02526611
40	0	24.12	0.017154438
40	1	24.12	0.017612053
40	2	24.12	0.017184482
40	3	24.12	0.018371649
40	4	24.12	0.018210339
40	5	24.12	0.018691183
40	6	24.12	0.018981534
40	7	24.12	0.019034216
40	8	24.12	0.018765463
40	9	24.12	0.018876425
40	10	24.12	0.019481809
40	11	24.12	0.019668043
40	12	24.12	0.020344869
40	13	24.12	0.020585574
40	14	24.12	0.020940836
40	15	24.12	0.021303404
41	0	24.92	0.016103461
41	1	24.92	0.016265002
41	2	24.92	0.01625552
41	3	24.92	0.017098541
41	4	24.92	0.016952293
41	5	24.92	0.01705914
41	6	24.92	0.017563774
41	7	24.92	0.017771275
41	8	24.92	0.017827265
41	9	24.92	0.018156606
41	10	24.92	0.01844715
41	11	24.92	0.018520856
41	12	24.92	0.018753078
41	13	24.92	0.019213368
41	14	24.92	0.019616607
41	15	24.92	0.020890359
42	0	22.45	0.017959648
42	1	22.45	0.018369495
42	2	22.45	0.018292814
42	3	22.45	0.018731398
42	4	22.45	0.018845536
42	5	22.45	0.01876171
42	6	22.45	0.018881282
42	7	22.45	0.019408681
42	8	22.45	0.019215286
42	9	22.45	0.019408257
42	10	22.45	0.019636045
42	11	22.45	0.019917181
42	12	22.45	0.020115912
42	13	22.45	0.020398687
42	14	22.45	0.020624837
42	15	22.45	0.020406647
43	0	23.94	0.020727957
43	1	23.94	0.020903204
43	2	23.94	0.021474192
43	3	23.94	0.021986099
43	4	23.94	0.021904871
43	5	23.94	0.021968043
43	6	23.94	0.022248809
43	7	23.94	0.021842714
43	8	23.94	0.021907816
43	9	23.94	0.021764538
43	10	23.94	0.021925537
43	11	23.94	0.022091377
43	12	23.94	0.022290508
43	13	23.94	0.022952474
43	14	23.94	0.02269854
43	15	23.94	0.022334675
44	0	23.62	0.017305797
44	1	23.62	0.017560602
44	2	23.62	0.017579492
44	3	23.62	0.017798117
44	4	23.62	0.018678842
44	5	23.62	0.018443009
44	6	23.62	0.018321011
44	7	23.62	0.01870745
44	8	23.62	0.01871641
44	9	23.62	0.018908369
44	10	23.62	0.018884265
44	11	23.62	0.019242373
44	12	23.62	0.0192724
44	13	23.62	0.019925553
44	14	23.62	0.01983662
44	15	23.62	0.019681937
45	0	24.62	0.016569757
45	1	24.62	0.016621809
45	2	24.62	0.017167209
45	3	24.62	0.017983049
45	4	24.62	0.017506392
45	5	24.62	0.017441955
45	6	24.62	0.017544011
45	7	24.62	0.017899717
45	8	24.62	0.017965033
45	9	24.62	0.017879622
45	10	24.62	0.018058847
45	11	24.62	0.01826035
45	12	24.62	0.018874418
45	13	24.62	0.019089574
45	14	24.62	0.019319182
45	15	24.62	0.019267857
46	0	21.66	0.018133823
46	1	21.66	0.018322338
46	2	21.66	0.018628121
46	3	21.66	0.018379174
46	4	21.66	0.018895517
46	5	21.66	0.019425447
46	6	21.66	0.019316904
46	7	21.66	0.019512145
46	8	21.66	0.01947049
46	9	21.66	0.019390518
46	10	21.66	0.019641204
46	11	21.66	0.019682293
46	12	21.66	0.019859779
46	13	21.66	0.019833733
46	14	21.66	0.020668364
46	15	21.66	-0.507386888
47	0	24.11	0.016710833
47	1	24.11	0.016575872
47	2	24.11	0.016403204
47	3	24.11	0.017125006
47	4	24.11	0.017353497
47	5	24.11	0.017253123
47	6	24.11	0.017006603
47	7	24.11	0.017104826
47	8	24.11	0.017263162
47	9	24.11	0.01770005
47	10	24.11	0
47	11	24.11	0
47	12	24.11	0
47	13	24.11	0
47	14	24.11	0
47	15	24.11	0